#Sun Nov 27 21:33:55 EST 2016
x=191.98448197926515
pitch=4.7199533E-30
yaw=3.01E-43
z=353.033698375053
y=64.0
